<?xml version="1.0"?>
<opencv_storage>
<P1 type_id="opencv-matrix">
  <rows>3</rows>
  <cols>4</cols>
  <dt>d</dt>
  <data>
    1.7976931348623157e+308 0. .Nan 0. 0. 1.7976931348623157e+308 .Nan
    0. 0. 0. 1. 0.</data></P1>
</opencv_storage>
